cam0:
  cam_overlaps: [1]
  camera_model: pinhole
  distortion_coeffs: [-0.016626884031487477, -0.006870887150553673, 0.005344202860982514,
    -0.004004412315029034]
  distortion_model: equidistant
  intrinsics: [364.26419971604133, 364.82818171274516, 372.8636776356645, 227.60889825783622]
  resolution: [752, 480]
  rostopic: /mynteye/left/image_raw
cam1:
  T_cn_cnm1:
  - [0.9999547985177528, 0.0003641453216763294, -0.009500964135456046, -0.1205333535008025]
  - [-0.00038877530341986427, 0.999996568691296, -0.002590648450794249, -0.0002403551986921053]
  - [0.009499988162201656, 0.0025942250898588373, 0.999951508934858, -0.00047314658272452345]
  - [0.0, 0.0, 0.0, 1.0]
  cam_overlaps: [0]
  camera_model: pinhole
  distortion_coeffs: [-0.016230041132905364, -0.007719712157983653, 0.003963569555341727,
    -0.002459478520357914]
  distortion_model: equidistant
  intrinsics: [364.7578595525992, 365.3201798921848, 380.55704968108734, 232.91638602405592]
  resolution: [752, 480]
  rostopic: /mynteye/right/image_raw
