cam0:
  T_cam_imu:
  - [-0.0009570502381668344, 0.9999952137167875, -0.0029422097746383113, 0.0455667623205025]
  - [-0.9999995411611321, -0.0009569236350073229, 4.44373940601964e-05, 0.004551286722603547]
  - [4.162171129774221e-05, 0.0029422509534566777, 0.9999956707041086, -0.02705513943405231]
  - [0.0, 0.0, 0.0, 1.0]
  cam_overlaps: [1]
  camera_model: pinhole
  distortion_coeffs: [-0.016626884031487477, -0.006870887150553673, 0.005344202860982514,
    -0.004004412315029034]
  distortion_model: equidistant
  intrinsics: [364.26419971604133, 364.82818171274516, 372.8636776356645, 227.60889825783622]
  resolution: [752, 480]
  rostopic: /mynteye/left/image_raw
  timeshift_cam_imu: -0.0016585758663277828
cam1:
  T_cam_imu:
  - [-0.0013215475790560038, 0.9999217097708373, -0.012442983603697319, -0.07470994362628772]
  - [-0.9999958456037288, -0.0013533161320125053, -0.0025450561350309174, 0.004363291030255536]
  - [-0.0025616961724441245, 0.01243956849783882, 0.9999193441714725, -0.027082283319406583]
  - [0.0, 0.0, 0.0, 1.0]
  T_cn_cnm1:
  - [0.9999547985177533, 0.0003641453216763294, -0.009500964135456046, -0.1205333535008025]
  - [-0.00038877530341986427, 0.9999965686912965, -0.0025906484507942492, -0.0002403551986921053]
  - [0.009499988162201656, 0.0025942250898588377, 0.9999515089348584, -0.00047314658272452345]
  - [0.0, 0.0, 0.0, 1.0]
  cam_overlaps: [0]
  camera_model: pinhole
  distortion_coeffs: [-0.016230041132905364, -0.007719712157983653, 0.003963569555341727,
    -0.002459478520357914]
  distortion_model: equidistant
  intrinsics: [364.7578595525992, 365.3201798921848, 380.55704968108734, 232.91638602405592]
  resolution: [752, 480]
  rostopic: /mynteye/right/image_raw
  timeshift_cam_imu: -0.0016240542391541533
